TIME_CYCLE                : 0
TIME_UNITS                : DAYS
SERIE_INITIAL_DATA        : 2019 01 01 00 00 00

!time          rate
<BeginTimeSerie>
0	0.072928464
1	0.070362913
2	0.060591794
3	0.071777503
4	0.073883549
5	0.071488182
6	0.075731521
7	0.081369497
8	0.071904879
9	0.054342576
10	0.045457524
11	0.040140949
12	0.039718378
13	0.050180887
14	0.052101891
15	0.041663583
16	0.03993548
17	0.042299252
18	0.042919683
19	0.045634428
20	0.051503778
21	0.04330436
22	0.046291209
23	0.045267124
24	0.03932978
25	0.03709661
26	0.038459476
27	0.036205446
28	0.032544768
29	0.02946457
30	0.029716069
31	0.027752551
32	0.030370172
33	0.035318279
34	0.033412606
35	0.036462927
36	0.050666272
37	0.055458189
38	0.049812824
39	0.055173695
40	0.060906342
41	0.054141033
42	0.057065199
43	0.05211928
44	0.043013124
45	0.041310281
46	0.039555605
47	0.037590433
48	0.044004918
49	0.051018295
50	0.047821826
51	0.047751239
52	0.052721072
53	0.066983638
54	0.064458072
55	0.062897358
56	0.058668779
57	0.054905403
58	0.050679489
59	0.016304909
60	0.044596551
61	0.04101625
62	0.038536603
63	0.040739239
64	0.036157164
65	0.03608573
66	0.048874464
67	0.062959481
68	0.072360432
69	0.068726089
70	0.06206058
71	0.053544517
72	0.043627923
73	0.035871667
74	0.034004199
75	0.034371484
76	0.03831341
77	0.032679483
78	0.028937442
79	0.02853521
80	0.030307916
81	0.027556183
82	0.028214667
83	0.028869102
84	0.029036007
85	0.032003917
86	0.038550029
87	0.048180015
88	0.04236606
89	0.056542887
90	0.056740746
91	0.062203414
92	0.076209843
93	0.06772107
94	0.056892788
95	0.046502785
96	0.036275713
97	0.037700789
98	0.032116171
99	0.030324585
100	0.027571324
101	0.048863541
102	0.043946315
103	0.042823126
104	0.038338041
105	0.036219041
106	0.028688635
107	0.028405135
108	0.030154978
109	0.030683885
110	0.05032574
111	0.052686121
112	0.05141095
113	0.04761515
114	0.050088975
115	0.044798126
116	0.038549918
117	0.032558265
118	0.02998725
119	0.027277381
120	0.026427495
121	0.026260674
122	0.027735463
123	0.03014572
124	0.031278242
125	0.028699526
126	0.033076263
127	0.03098444
128	0.025463392
129	0.024526212
130	0.024011117
131	0.024908163
132	0.027890155
133	0.028791759
134	0.023980784
135	0.031723673
136	0.027453987
137	0.025371913
138	0.02699044
139	0.024604206
140	0.024444245
141	0.022963542
142	0.022486808
143	0.022337155
144	0.022861631
145	0.025572858
146	0.029874538
147	0.02776533
148	0.025016737
149	0.024794441
150	0.024453924
151	0.021684494
152	0.022253115
153	0.021954512
154	0.023037349
155	0.024355631
156	0.025255911
157	0.021971548
158	0.022920149
159	0.02176107
160	0.020442088
161	0.019471604
162	0.018914194
163	0.020994156
164	0.021998176
165	0.019655432
166	0.020051208
167	0.020726175
168	0.022120385
169	0.021541646
170	0.020349813
171	0.019545141
172	0.019011728
173	0.018470446
174	0.018063564
175	0.017734859
176	0.01744049
177	0.017174014
178	0.016969761
179	0.016807428
180	0.016768384
181	0.01682691
182	0.016781022
183	0.016966484
184	0.017200391
185	0.016933542
186	0.016761129
187	0.016527093
188	0.016370577
189	0.016256392
190	0.016374116
191	0.016851257
192	0.01651137
193	0.016123958
194	0.015847395
195	0.015646883
196	0.01549815
197	0.015383104
198	0.015294724
199	0.015223651
200	0.015166915
201	0.015131703
202	0.015099068
203	0.015051858
204	0.014984058
205	0.014908966
206	0.014835639
207	0.014769936
208	0.014717369
209	0.01467241
210	0.014629023
211	0.01459218
212	0.014578426
213	0.014554236
214	0.014492377
215	0.01442719
216	0.014375707
217	0.014347209
218	0.014326896
219	0.014287369
220	0.014234035
221	0.014177359
222	0.014120716
223	0.014065432
224	0.014012497
225	0.013964524
226	0.013945343
227	0.014045334
228	0.014296364
229	0.014478818
230	0.014278098
231	0.014113608
232	0.013989766
233	0.013899505
234	0.013887449
235	0.0139816
236	0.014358809
237	0.014191713
238	0.013939773
239	0.013780395
240	0.013715658
241	0.013624697
242	0.013518478
243	0.013436295
244	0.013418062
245	0.013499632
246	0.013787538
247	0.014100027
248	0.014047353
249	0.013904948
250	0.013929261
251	0.014020617
252	0.014420395
253	0.014181217
254	0.013840327
255	0.013596098
256	0.013427524
257	0.013306201
258	0.013208808
259	0.013134788
260	0.013069494
261	0.013015991
262	0.013044698
263	0.013119896
264	0.013232653
265	0.013273913
266	0.013256561
267	0.013443872
268	0.01344727
269	0.013341928
270	0.01333465
271	0.013862347
272	0.014705648
273	0.01845718
274	0.040341957
275	0.035660749
276	0.037339077
277	0.024830545
278	0.020916847
279	0.01955189
280	0.019667443
281	0.018800991
282	0.016754529
283	0.017140972
284	0.017670142
285	0.018819183
286	0.018433925
287	0.017026211
288	0.018180369
289	0.025283319
290	0.018730947
291	0.01761835
292	0.016763723
293	0.01658519
294	0.023672625
295	0.020450036
296	0.017334781
297	0.022914419
298	0.064466807
299	0.056736552
300	0.055918753
301	0.045914306
302	0.042171412
303	0.035947456
304	0.027547445
305	0.02745892
306	0.030653067
307	0.032702436
308	0.037559017
309	0.049290303
310	0.056392819
311	0.042709164
312	0.03873049
313	0.032507984
314	0.038566433
315	0.044091689
316	0.044644548
317	0.035885845
318	0.027858033
319	0.024540096
320	0.024422227
321	0.026057641
322	0.029788439
323	0.027692521
324	0.027525735
325	0.036539912
326	0.036505574
327	0.033106664
328	0.025591043
329	0.023264799
330	0.021573379
331	0.024986486
332	0.022452122
333	0.021073686
334	0.020291969
335	0.019827334
336	0.01941409
337	0.020086329
338	0.020084474
339	0.019809636
340	0.022361244
341	0.045102202
342	0.053000314
343	0.050430602
344	0.056524097
345	0.047828438
346	0.040321134
347	0.035156927
348	0.030177102
349	0.027291191
350	0.031670478
351	0.040528257
352	0.030569053
353	0.026803476
354	0.025033128
355	0.023894524
356	0.036996518
357	0.0652965
358	0.085333525
359	0.073748828
360	0.096905058
361	0.101064724
362	0.091083011
363	0.088121844
364	0.09067961
365	0.081860845
<EndTimeSerie>
