TIME_CYCLE                : 0
TIME_UNITS                : DAYS
SERIE_INITIAL_DATA        : 2016 02 01 12 00 00

!time          rate
<BeginTimeSerie>
0	0.00001066
1	0.00001074
2	0.00001054
3	0.00001001
4	0.00000927
5	0.00000842
6	0.00000752
7	0.00000665
8	0.00000581
9	0.00000536
10	0.00000531
11	0.00000518
12	0.00000537
13	0.00000551
14	0.00000520
15	0.00000471
16	0.00000417
17	0.00000402
18	0.00000518
19	0.00000666
20	0.00000768
21	0.00000841
22	0.00000869
23	0.00000851
24	0.00000844
25	0.00000865
26	0.00000888
27	0.00000878
28	0.00000841
29	0.00000781
30	0.00000700
31	0.00000614
32	0.00000532
33	0.00000458
34	0.00000395
35	0.00001097
36	0.00005435
37	0.00002840
38	0.00001371
39	0.00001042
40	0.00000998
41	0.00001030
42	0.00001048
43	0.00001030
44	0.00000980
45	0.00000906
46	0.00000822
47	0.00000929
48	0.00003607
49	0.00006621
50	0.00005952
51	0.00005376
52	0.00002748
53	0.00001701
54	0.00001316
55	0.00001458
56	0.00001346
57	0.00001235
58	0.00001307
59	0.00002731
60	0.00002930
61	0.00001837
62	0.00001405
63	0.00001283
64	0.00001322
65	0.00001280
66	0.00001240
67	0.00001226
68	0.00001217
69	0.00001208
70	0.00001181
71	0.00001127
72	0.00001050
73	0.00001242
74	0.00001079
75	0.00000927
76	0.00000832
77	0.00000743
78	0.00000659
79	0.00000590
80	0.00000527
81	0.00000481
82	0.00000432
83	0.00000390
84	0.00000356
85	0.00000353
86	0.00000411
87	0.00000428
88	0.00000352
89	0.00000499
90	0.00001119
91	0.00000784
92	0.00000644
93	0.00000558
94	0.00000494
95	0.00000468
96	0.00000433
97	0.00000380
98	0.00000371
99	0.00000330
100	0.00000307
101	0.00000287
102	0.00000277
103	0.00000267
104	0.00000277
105	0.00000296
106	0.00000333
107	0.00002141
108	0.00001243
109	0.00000957
110	0.00000817
111	0.00000714
112	0.00000621
113	0.00000542
114	0.00000488
115	0.00000455
116	0.00000410
117	0.00000395
118	0.00000377
119	0.00000342
120	0.00000311
121	0.00000297
122	0.00000277
123	0.00000257
124	0.00000247
125	0.00000229
126	0.00000220
127	0.00000279
128	0.00000245
129	0.00000238
130	0.00000211
131	0.00000194
132	0.00000178
133	0.00000186
134	0.00000171
135	0.00000156
136	0.00000151
137	0.00000186
138	0.00000156
139	0.00000156
140	0.00000149
141	0.00000142
142	0.00000136
143	0.00000129
144	0.00000123
145	0.00000117
146	0.00000111
147	0.00000105
148	0.00000105
149	0.00000100
150	0.00000095
151	0.00000095
152	0.00000095
153	0.00000075
154	0.00000067
155	0.00000066
156	0.00000064
157	0.00000061
158	0.00000057
159	0.00000055
160	0.00000055
161	0.00000054
162	0.00000054
163	0.00000054
164	0.00000051
165	0.00000049
166	0.00000047
167	0.00000049
168	0.00000047
169	0.00000047
170	0.00000045
171	0.00000047
172	0.00000047
173	0.00000045
174	0.00000042
175	0.00000042
176	0.00000040
177	0.00000038
178	0.00000040
179	0.00000051
180	0.00000040
181	0.00000038
182	0.00000038
183	0.00000036
184	0.00000034
185	0.00000034
186	0.00000034
187	0.00000035
188	0.00000038
189	0.00000041
190	0.00000036
191	0.00000034
192	0.00000034
193	0.00000036
194	0.00000036
195	0.00000034
196	0.00000032
197	0.00000034
198	0.00000032
199	0.00000032
200	0.00000032
201	0.00000031
202	0.00000032
203	0.00000030
204	0.00000030
205	0.00000030
206	0.00000030
207	0.00000028
208	0.00000028
209	0.00000028
210	0.00000028
211	0.00000028
212	0.00000028
213	0.00000028
214	0.00000028
215	0.00000026
216	0.00000026
217	0.00000028
218	0.00000028
219	0.00000028
220	0.00000028
221	0.00000028
222	0.00000028
223	0.00000028
224	0.00000030
225	0.00000029
226	0.00000030
227	0.00000029
228	0.00000028
229	0.00000030
230	0.00000030
231	0.00000030
232	0.00000030
233	0.00000028
234	0.00000028
235	0.00000028
236	0.00000028
237	0.00000028
238	0.00000028
239	0.00000034
240	0.00000036
241	0.00000032
242	0.00000031
243	0.00000211
244	0.00000190
245	0.00000214
246	0.00000320
247	0.00000391
248	0.00000389
249	0.00000357
250	0.00000316
251	0.00000277
252	0.00000243
253	0.00000227
254	0.00000226
255	0.00000214
256	0.00000197
257	0.00000182
258	0.00000169
259	0.00000158
260	0.00000150
261	0.00000145
262	0.00000140
263	0.00000137
264	0.00000134
265	0.00000132
266	0.00000161
267	0.00000206
268	0.00000215
269	0.00000212
270	0.00000200
271	0.00000191
272	0.00000245
273	0.00000309
274	0.00000322
275	0.00000300
276	0.00000269
277	0.00000239
278	0.00000213
279	0.00000193
280	0.00000177
281	0.00000166
282	0.00000157
283	0.00000150
284	0.00000145
285	0.00000141
286	0.00000138
287	0.00000136
288	0.00000145
289	0.00000182
290	0.00000203
291	0.00000195
292	0.00000181
293	0.00000168
294	0.00000158
295	0.00000160
296	0.00000196
297	0.00000317
298	0.00000444
299	0.00000531
300	0.00000580
301	0.00000583
302	0.00000545
303	0.00000489
304	0.00000432
305	0.00000389
306	0.00000358
307	0.00000340
308	0.00000318
309	0.00000289
310	0.00000261
311	0.00000253
312	0.00000312
313	0.00000411
314	0.00000526
315	0.00000583
316	0.00000571
317	0.00000526
318	0.00000470
319	0.00000412
320	0.00000359
321	0.00000315
322	0.00000278
323	0.00000248
324	0.00000226
325	0.00000209
326	0.00000196
327	0.00000186
328	0.00000178
329	0.00000176
330	0.00000173
331	0.00000168
332	0.00000164
333	0.00000162
334	0.00000164
335	0.00000147
336	0.00000134
337	0.00000125
338	0.00000118
339	0.00000113
340	0.00000112
341	0.00000111
342	0.00000109
343	0.00000107
344	0.00000105
345	0.00000104
346	0.00000103
347	0.00000102
348	0.00000101
349	0.00000101
350	0.00000100
351	0.00000099
352	0.00000099
353	0.00000098
354	0.00000098
355	0.00000101
356	0.00000339
357	0.00002137
358	0.00001884
359	0.00003723
360	0.00002050
361	0.00001212
362	0.00001058
363	0.00001045
364	0.00001058
365	0.00001066
366	0.00001074
367	0.00001054
368	0.00001001
369	0.00000927
370	0.00000842
371	0.00000752
372	0.00000665
373	0.00000581
374	0.00000536
375	0.00000531
376	0.00000518
377	0.00000537
378	0.00000551
379	0.00000520
380	0.00000471
381	0.00000417
382	0.00000402
383	0.00000518
384	0.00000666
385	0.00000768
386	0.00000841
387	0.00000869
388	0.00000851
389	0.00000844
390	0.00000865
391	0.00000888
392	0.00000878
393	0.00000841
394	0.00000781
395	0.00000700
396	0.00000614
397	0.00000532
398	0.00000458
399	0.00000395
400	0.00001097
401	0.00005435
402	0.00002840
403	0.00001371
404	0.00001042
405	0.00000998
406	0.00001030
407	0.00001048
408	0.00001030
409	0.00000980
410	0.00000906
411	0.00000822
412	0.00000929
413	0.00003607
414	0.00006621
415	0.00005952
416	0.00005376
417	0.00002748
418	0.00001701
419	0.00001316
420	0.00001458
421	0.00001346
422	0.00001235
423	0.00001307
424	0.00002731
425	0.00002930
426	0.00001837
427	0.00001405
428	0.00001283
429	0.00001322
430	0.00001280
431	0.00001240
432	0.00001226
433	0.00001217
434	0.00001208
435	0.00001181
436	0.00001127
437	0.00001050
438	0.00001242
439	0.00001079
440	0.00000927
441	0.00000832
442	0.00000743
443	0.00000659
444	0.00000590
445	0.00000527
446	0.00000481
447	0.00000432
448	0.00000390
449	0.00000356
450	0.00000353
451	0.00000411
452	0.00000428
453	0.00000352
454	0.00000499
455	0.00001119
456	0.00000784
457	0.00000644
458	0.00000558
459	0.00000494
460	0.00000468
461	0.00000433
462	0.00000380
463	0.00000371
464	0.00000330
465	0.00000307
466	0.00000287
467	0.00000277
468	0.00000267
469	0.00000277
470	0.00000296
471	0.00000333
472	0.00002141
473	0.00001243
474	0.00000957
475	0.00000817
476	0.00000714
477	0.00000621
478	0.00000542
479	0.00000488
480	0.00000455
481	0.00000410
482	0.00000395
483	0.00000377
484	0.00000342
485	0.00000311
486	0.00000297
487	0.00000277
488	0.00000257
489	0.00000247
490	0.00000229
491	0.00000220
492	0.00000279
493	0.00000245
494	0.00000238
495	0.00000211
496	0.00000194
497	0.00000178
498	0.00000186
499	0.00000171
500	0.00000156
501	0.00000151
502	0.00000186
503	0.00000156
504	0.00000156
505	0.00000149
506	0.00000142
507	0.00000136
508	0.00000129
509	0.00000123
510	0.00000117
511	0.00000111
512	0.00000105
513	0.00000105
514	0.00000100
515	0.00000095
516	0.00000095
517	0.00000095
518	0.00000075
519	0.00000067
520	0.00000066
521	0.00000064
522	0.00000061
523	0.00000057
524	0.00000055
525	0.00000055
526	0.00000054
527	0.00000054
528	0.00000054
529	0.00000051
530	0.00000049
531	0.00000047
532	0.00000049
533	0.00000047
534	0.00000047
535	0.00000045
536	0.00000047
537	0.00000047
538	0.00000045
539	0.00000042
540	0.00000042
541	0.00000040
542	0.00000038
543	0.00000040
544	0.00000051
545	0.00000040
546	0.00000038
547	0.00000038
548	0.00000036
549	0.00000034
550	0.00000034
551	0.00000034
552	0.00000035
553	0.00000038
554	0.00000041
555	0.00000036
556	0.00000034
557	0.00000034
558	0.00000036
559	0.00000036
560	0.00000034
561	0.00000032
562	0.00000034
563	0.00000032
564	0.00000032
565	0.00000032
566	0.00000031
567	0.00000032
568	0.00000030
569	0.00000030
570	0.00000030
571	0.00000030
572	0.00000028
573	0.00000028
574	0.00000028
575	0.00000028
576	0.00000028
577	0.00000028
578	0.00000028
579	0.00000028
580	0.00000026
581	0.00000026
582	0.00000028
583	0.00000028
584	0.00000028
585	0.00000028
586	0.00000028
587	0.00000028
588	0.00000028
589	0.00000030
590	0.00000029
591	0.00000030
592	0.00000029
593	0.00000028
594	0.00000030
595	0.00000030
596	0.00000030
597	0.00000030
598	0.00000028
599	0.00000028
600	0.00000028
601	0.00000028
602	0.00000028
603	0.00000028
604	0.00000034
605	0.00000036
606	0.00000032
607	0.00000031
608	0.00000211
609	0.00000190
610	0.00000214
611	0.00000320
612	0.00000391
613	0.00000389
614	0.00000357
615	0.00000316
616	0.00000277
617	0.00000243
618	0.00000227
619	0.00000226
620	0.00000214
621	0.00000197
622	0.00000182
623	0.00000169
624	0.00000158
625	0.00000150
626	0.00000145
627	0.00000140
628	0.00000137
629	0.00000134
630	0.00000132
631	0.00000161
632	0.00000206
633	0.00000215
634	0.00000212
635	0.00000200
636	0.00000191
637	0.00000245
638	0.00000309
639	0.00000322
640	0.00000300
641	0.00000269
642	0.00000239
643	0.00000213
644	0.00000193
645	0.00000177
646	0.00000166
647	0.00000157
648	0.00000150
649	0.00000145
650	0.00000141
651	0.00000138
652	0.00000136
653	0.00000145
654	0.00000182
655	0.00000203
656	0.00000195
657	0.00000181
658	0.00000168
659	0.00000158
660	0.00000160
661	0.00000196
662	0.00000317
663	0.00000444
664	0.00000531
665	0.00000580
666	0.00000583
667	0.00000545
668	0.00000489
669	0.00000432
670	0.00000389
671	0.00000358
672	0.00000340
673	0.00000318
674	0.00000289
675	0.00000261
676	0.00000253
677	0.00000312
678	0.00000411
679	0.00000526
680	0.00000583
681	0.00000571
682	0.00000526
683	0.00000470
684	0.00000412
685	0.00000359
686	0.00000315
687	0.00000278
688	0.00000248
689	0.00000226
690	0.00000209
691	0.00000196
692	0.00000186
693	0.00000178
694	0.00000176
695	0.00000173
696	0.00000168
697	0.00000164
698	0.00000162
699	0.00000164
700	0.00000147
701	0.00000134
702	0.00000125
703	0.00000118
704	0.00000113
705	0.00000112
706	0.00000111
707	0.00000109
708	0.00000107
709	0.00000105
710	0.00000104
711	0.00000103
712	0.00000102
713	0.00000101
714	0.00000101
715	0.00000100
716	0.00000099
717	0.00000099
718	0.00000098
719	0.00000098
720	0.00000101
721	0.00000339
722	0.00002137
723	0.00001884
724	0.00003723
725	0.00002050
726	0.00001212
727	0.00001058
728	0.00001045
729	0.00001058
730	0.00001066
731	0.00001074
732	0.00001054
733	0.00001001
734	0.00000927
735	0.00000842
736	0.00000752
737	0.00000665
738	0.00000581
739	0.00000536
740	0.00000531
741	0.00000518
742	0.00000537
743	0.00000551
744	0.00000520
745	0.00000471
746	0.00000417
747	0.00000402
748	0.00000518
749	0.00000666
750	0.00000768
751	0.00000841
752	0.00000869
753	0.00000851
754	0.00000844
755	0.00000865
756	0.00000888
757	0.00000878
758	0.00000841
759	0.00000781
760	0.00000700
761	0.00000614
762	0.00000532
763	0.00000458
764	0.00000395
765	0.00001097
766	0.00005435
767	0.00002840
768	0.00001371
769	0.00001042
770	0.00000998
771	0.00001030
772	0.00001048
773	0.00001030
774	0.00000980
775	0.00000906
776	0.00000822
777	0.00000929
778	0.00003607
779	0.00006621
780	0.00005952
781	0.00005376
782	0.00002748
783	0.00001701
784	0.00001316
785	0.00001458
786	0.00001346
787	0.00001235
788	0.00001307
789	0.00002731
790	0.00002930
791	0.00001837
792	0.00001405
793	0.00001283
794	0.00001322
795	0.00001280
796	0.00001240
797	0.00001226
798	0.00001217
799	0.00001208
800	0.00001181
801	0.00001127
802	0.00001050
803	0.00001242
804	0.00001079
805	0.00000927
806	0.00000832
807	0.00000743
808	0.00000659
809	0.00000590
810	0.00000527
811	0.00000481
812	0.00000432
813	0.00000390
814	0.00000356
815	0.00000353
816	0.00000411
817	0.00000428
818	0.00000352
819	0.00000499
820	0.00001119
821	0.00000784
822	0.00000644
823	0.00000558
824	0.00000494
825	0.00000468
826	0.00000433
827	0.00000380
828	0.00000371
829	0.00000330
830	0.00000307
831	0.00000287
832	0.00000277
833	0.00000267
834	0.00000277
835	0.00000296
836	0.00000333
837	0.00002141
838	0.00001243
839	0.00000957
840	0.00000817
841	0.00000714
842	0.00000621
843	0.00000542
844	0.00000488
845	0.00000455
846	0.00000410
847	0.00000395
848	0.00000377
849	0.00000342
850	0.00000311
851	0.00000297
852	0.00000277
853	0.00000257
854	0.00000247
855	0.00000229
856	0.00000220
857	0.00000279
858	0.00000245
859	0.00000238
860	0.00000211
861	0.00000194
862	0.00000178
863	0.00000186
864	0.00000171
865	0.00000156
866	0.00000151
867	0.00000186
868	0.00000156
869	0.00000156
870	0.00000149
871	0.00000142
872	0.00000136
873	0.00000129
874	0.00000123
875	0.00000117
876	0.00000111
877	0.00000105
878	0.00000105
879	0.00000100
880	0.00000095
881	0.00000095
882	0.00000095
883	0.00000075
884	0.00000067
885	0.00000066
886	0.00000064
887	0.00000061
888	0.00000057
889	0.00000055
890	0.00000055
891	0.00000054
892	0.00000054
893	0.00000054
894	0.00000051
895	0.00000049
896	0.00000047
897	0.00000049
898	0.00000047
899	0.00000047
900	0.00000045
901	0.00000047
902	0.00000047
903	0.00000045
904	0.00000042
905	0.00000042
906	0.00000040
907	0.00000038
908	0.00000040
909	0.00000051
910	0.00000040
911	0.00000038
912	0.00000038
913	0.00000036
914	0.00000034
915	0.00000034
916	0.00000034
917	0.00000035
918	0.00000038
919	0.00000041
920	0.00000036
921	0.00000034
922	0.00000034
923	0.00000036
924	0.00000036
925	0.00000034
926	0.00000032
927	0.00000034
928	0.00000032
929	0.00000032
930	0.00000032
931	0.00000031
932	0.00000032
933	0.00000030
934	0.00000030
935	0.00000030
936	0.00000030
937	0.00000028
938	0.00000028
939	0.00000028
940	0.00000028
941	0.00000028
942	0.00000028
943	0.00000028
944	0.00000028
945	0.00000026
946	0.00000026
947	0.00000028
948	0.00000028
949	0.00000028
950	0.00000028
951	0.00000028
952	0.00000028
953	0.00000028
954	0.00000030
955	0.00000029
956	0.00000030
957	0.00000029
958	0.00000028
959	0.00000030
960	0.00000030
961	0.00000030
962	0.00000030
963	0.00000028
964	0.00000028
965	0.00000028
966	0.00000028
967	0.00000028
968	0.00000028
969	0.00000034
970	0.00000036
971	0.00000032
972	0.00000031
973	0.00000211
974	0.00000190
975	0.00000214
976	0.00000320
977	0.00000391
978	0.00000389
979	0.00000357
980	0.00000316
981	0.00000277
982	0.00000243
983	0.00000227
984	0.00000226
985	0.00000214
986	0.00000197
987	0.00000182
988	0.00000169
989	0.00000158
990	0.00000150
991	0.00000145
992	0.00000140
993	0.00000137
994	0.00000134
995	0.00000132
996	0.00000161
997	0.00000206
998	0.00000215
999	0.00000212
1000	0.00000200
1001	0.00000191
1002	0.00000245
1003	0.00000309
1004	0.00000322
1005	0.00000300
1006	0.00000269
1007	0.00000239
1008	0.00000213
1009	0.00000193
1010	0.00000177
1011	0.00000166
1012	0.00000157
1013	0.00000150
1014	0.00000145
1015	0.00000141
1016	0.00000138
1017	0.00000136
1018	0.00000145
1019	0.00000182
1020	0.00000203
1021	0.00000195
1022	0.00000181
1023	0.00000168
1024	0.00000158
1025	0.00000160
1026	0.00000196
1027	0.00000317
1028	0.00000444
1029	0.00000531
1030	0.00000580
1031	0.00000583
1032	0.00000545
1033	0.00000489
1034	0.00000432
1035	0.00000389
1036	0.00000358
1037	0.00000340
1038	0.00000318
1039	0.00000289
1040	0.00000261
1041	0.00000253
1042	0.00000312
1043	0.00000411
1044	0.00000526
1045	0.00000583
1046	0.00000571
1047	0.00000526
1048	0.00000470
1049	0.00000412
1050	0.00000359
1051	0.00000315
1052	0.00000278
1053	0.00000248
1054	0.00000226
1055	0.00000209
1056	0.00000196
1057	0.00000186
1058	0.00000178
1059	0.00000176
1060	0.00000173
1061	0.00000168
1062	0.00000164
1063	0.00000162
1064	0.00000164
1065	0.00000147
1066	0.00000134
1067	0.00000125
1068	0.00000118
1069	0.00000113
1070	0.00000112
1071	0.00000111
1072	0.00000109
1073	0.00000107
1074	0.00000105
1075	0.00000104
1076	0.00000103
1077	0.00000102
1078	0.00000101
1079	0.00000101
1080	0.00000100
1081	0.00000099
1082	0.00000099
1083	0.00000098
1084	0.00000098
1085	0.00000101
1086	0.00000339
1087	0.00002137
1088	0.00001884
1089	0.00003723
1090	0.00002050
1091	0.00001212
1092	0.00001058
1093	0.00001045
1094	0.00001058
1095	0.00001066
1096	0.00001074
1097	0.00001054
1098	0.00001001
1099	0.00000927
1100	0.00000842
1101	0.00000752
1102	0.00000665
1103	0.00000581
1104	0.00000536
1105	0.00000531
1106	0.00000518
1107	0.00000537
1108	0.00000551
1109	0.00000520
1110	0.00000471
1111	0.00000417
1112	0.00000402
1113	0.00000518
1114	0.00000666
1115	0.00000768
1116	0.00000841
1117	0.00000869
1118	0.00000851
1119	0.00000844
1120	0.00000865
1121	0.00000888
1122	0.00000878
1123	0.00000841
1124	0.00000781
1125	0.00000700
1126	0.00000614
1127	0.00000532
1128	0.00000458
1129	0.00000395
1130	0.00001097
1131	0.00005435
1132	0.00002840
1133	0.00001371
1134	0.00001042
1135	0.00000998
1136	0.00001030
1137	0.00001048
1138	0.00001030
1139	0.00000980
1140	0.00000906
1141	0.00000822
1142	0.00000929
1143	0.00003607
1144	0.00006621
1145	0.00005952
1146	0.00005376
1147	0.00002748
1148	0.00001701
1149	0.00001316
1150	0.00001458
1151	0.00001346
1152	0.00001235
1153	0.00001307
1154	0.00002731
1155	0.00002930
1156	0.00001837
1157	0.00001405
1158	0.00001283
1159	0.00001322
1160	0.00001280
1161	0.00001240
1162	0.00001226
1163	0.00001217
1164	0.00001208
1165	0.00001181
1166	0.00001127
1167	0.00001050
1168	0.00001242
1169	0.00001079
1170	0.00000927
1171	0.00000832
1172	0.00000743
1173	0.00000659
1174	0.00000590
1175	0.00000527
1176	0.00000481
1177	0.00000432
1178	0.00000390
1179	0.00000356
1180	0.00000353
1181	0.00000411
1182	0.00000428
1183	0.00000352
1184	0.00000499
1185	0.00001119
1186	0.00000784
1187	0.00000644
1188	0.00000558
1189	0.00000494
1190	0.00000468
1191	0.00000433
1192	0.00000380
1193	0.00000371
1194	0.00000330
1195	0.00000307
1196	0.00000287
1197	0.00000277
1198	0.00000267
1199	0.00000277
1200	0.00000296
1201	0.00000333
1202	0.00002141
1203	0.00001243
1204	0.00000957
1205	0.00000817
1206	0.00000714
1207	0.00000621
1208	0.00000542
1209	0.00000488
1210	0.00000455
1211	0.00000410
1212	0.00000395
1213	0.00000377
1214	0.00000342
1215	0.00000311
1216	0.00000297
1217	0.00000277
1218	0.00000257
1219	0.00000247
1220	0.00000229
1221	0.00000220
1222	0.00000279
1223	0.00000245
1224	0.00000238
1225	0.00000211
1226	0.00000194
1227	0.00000178
1228	0.00000186
1229	0.00000171
1230	0.00000156
1231	0.00000151
1232	0.00000186
1233	0.00000156
1234	0.00000156
1235	0.00000149
1236	0.00000142
1237	0.00000136
1238	0.00000129
1239	0.00000123
1240	0.00000117
1241	0.00000111
1242	0.00000105
1243	0.00000105
1244	0.00000100
1245	0.00000095
1246	0.00000095
1247	0.00000095
1248	0.00000075
1249	0.00000067
1250	0.00000066
1251	0.00000064
1252	0.00000061
1253	0.00000057
1254	0.00000055
1255	0.00000055
1256	0.00000054
1257	0.00000054
1258	0.00000054
1259	0.00000051
1260	0.00000049
1261	0.00000047
1262	0.00000049
1263	0.00000047
1264	0.00000047
1265	0.00000045
1266	0.00000047
1267	0.00000047
1268	0.00000045
1269	0.00000042
1270	0.00000042
1271	0.00000040
1272	0.00000038
1273	0.00000040
1274	0.00000051
1275	0.00000040
1276	0.00000038
1277	0.00000038
1278	0.00000036
1279	0.00000034
1280	0.00000034
1281	0.00000034
1282	0.00000035
1283	0.00000038
1284	0.00000041
1285	0.00000036
1286	0.00000034
1287	0.00000034
1288	0.00000036
1289	0.00000036
1290	0.00000034
1291	0.00000032
1292	0.00000034
1293	0.00000032
1294	0.00000032
1295	0.00000032
1296	0.00000031
1297	0.00000032
1298	0.00000030
1299	0.00000030
1300	0.00000030
1301	0.00000030
1302	0.00000028
1303	0.00000028
1304	0.00000028
1305	0.00000028
1306	0.00000028
1307	0.00000028
1308	0.00000028
1309	0.00000028
1310	0.00000026
1311	0.00000026
1312	0.00000028
1313	0.00000028
1314	0.00000028
1315	0.00000028
1316	0.00000028
1317	0.00000028
1318	0.00000028
1319	0.00000030
1320	0.00000029
1321	0.00000030
1322	0.00000029
1323	0.00000028
1324	0.00000030
1325	0.00000030
1326	0.00000030
1327	0.00000030
1328	0.00000028
1329	0.00000028
1330	0.00000028
1331	0.00000028
1332	0.00000028
1333	0.00000028
1334	0.00000034
1335	0.00000036
1336	0.00000032
1337	0.00000031
1338	0.00000211
1339	0.00000190
1340	0.00000214
1341	0.00000320
1342	0.00000391
1343	0.00000389
1344	0.00000357
1345	0.00000316
1346	0.00000277
1347	0.00000243
1348	0.00000227
1349	0.00000226
1350	0.00000214
1351	0.00000197
1352	0.00000182
1353	0.00000169
1354	0.00000158
1355	0.00000150
1356	0.00000145
1357	0.00000140
1358	0.00000137
1359	0.00000134
1360	0.00000132
1361	0.00000161
1362	0.00000206
1363	0.00000215
1364	0.00000212
1365	0.00000200
1366	0.00000191
1367	0.00000245
1368	0.00000309
1369	0.00000322
1370	0.00000300
1371	0.00000269
1372	0.00000239
1373	0.00000213
1374	0.00000193
1375	0.00000177
1376	0.00000166
1377	0.00000157
1378	0.00000150
1379	0.00000145
1380	0.00000141
1381	0.00000138
1382	0.00000136
1383	0.00000145
1384	0.00000182
1385	0.00000203
1386	0.00000195
1387	0.00000181
1388	0.00000168
1389	0.00000158
1390	0.00000160
1391	0.00000196
1392	0.00000317
1393	0.00000444
1394	0.00000531
1395	0.00000580
1396	0.00000583
1397	0.00000545
1398	0.00000489
1399	0.00000432
1400	0.00000389
1401	0.00000358
1402	0.00000340
1403	0.00000318
1404	0.00000289
1405	0.00000261
1406	0.00000253
1407	0.00000312
1408	0.00000411
1409	0.00000526
1410	0.00000583
1411	0.00000571
1412	0.00000526
1413	0.00000470
1414	0.00000412
1415	0.00000359
1416	0.00000315
1417	0.00000278
1418	0.00000248
1419	0.00000226
1420	0.00000209
1421	0.00000196
1422	0.00000186
1423	0.00000178
1424	0.00000176
1425	0.00000173
1426	0.00000168
1427	0.00000164
1428	0.00000162
1429	0.00000164
1430	0.00000147
1431	0.00000134
1432	0.00000125
1433	0.00000118
1434	0.00000113
1435	0.00000112
1436	0.00000111
1437	0.00000109
1438	0.00000107
1439	0.00000105
1440	0.00000104
1441	0.00000103
1442	0.00000102
1443	0.00000101
1444	0.00000101
1445	0.00000100
1446	0.00000099
1447	0.00000099
1448	0.00000098
1449	0.00000098
1450	0.00000101
1451	0.00000339
1452	0.00002137
1453	0.00001884
1454	0.00003723
1455	0.00002050
1456	0.00001212
1457	0.00001058
<EndTimeSerie>
