TIME_CYCLE                : 0
TIME_UNITS                : DAYS
SERIE_INITIAL_DATA        : 2016 02 01 12 00 00

!time          rate
<BeginTimeSerie>
0	0.00012092
1	0.00012450
2	0.00012654
3	0.00013303
4	0.00014056
5	0.00014403
6	0.00014539
7	0.00014679
8	0.00014844
9	0.00015020
10	0.00015169
11	0.00015254
12	0.00015257
13	0.00015080
14	0.00014573
15	0.00013528
16	0.00012636
17	0.00011747
18	0.00011079
19	0.00010717
20	0.00010209
21	0.00009780
22	0.00009428
23	0.00009129
24	0.00008951
25	0.00008597
26	0.00008313
27	0.00008131
28	0.00007945
29	0.00007737
30	0.00007457
31	0.00006963
32	0.00006127
33	0.00005087
34	0.00004656
35	0.00004590
36	0.00005401
37	0.00007470
38	0.00007695
39	0.00007475
40	0.00007739
41	0.00008177
42	0.00008426
43	0.00008308
44	0.00007985
45	0.00007792
46	0.00007552
47	0.00007053
48	0.00006599
49	0.00005840
50	0.00005542
51	0.00005663
52	0.00005958
53	0.00005695
54	0.00005087
55	0.00004492
56	0.00004036
57	0.00003709
58	0.00003457
59	0.00003259
60	0.00003108
61	0.00003023
62	0.00003004
63	0.00003137
64	0.00003320
65	0.00003531
66	0.00003533
67	0.00003455
68	0.00003425
69	0.00003400
70	0.00003403
71	0.00003518
72	0.00003733
73	0.00003989
74	0.00004339
75	0.00004514
76	0.00004313
77	0.00003903
78	0.00003535
79	0.00003159
80	0.00002882
81	0.00002672
82	0.00002490
83	0.00002318
84	0.00002214
85	0.00002312
86	0.00002394
87	0.00002544
88	0.00002747
89	0.00003090
90	0.00003470
91	0.00003457
92	0.00003173
93	0.00002855
94	0.00002591
95	0.00002405
96	0.00002335
97	0.00002280
98	0.00002199
99	0.00002175
100	0.00002398
101	0.00002499
102	0.00002608
103	0.00002789
104	0.00003111
105	0.00003633
106	0.00005561
107	0.00006870
108	0.00006982
109	0.00006895
110	0.00007184
111	0.00007508
112	0.00007818
113	0.00008246
114	0.00008969
115	0.00009346
116	0.00009487
117	0.00009421
118	0.00009757
119	0.00009809
120	0.00009870
121	0.00009898
122	0.00009775
123	0.00009454
124	0.00009036
125	0.00008560
126	0.00007859
127	0.00007173
128	0.00005825
129	0.00004579
130	0.00004271
131	0.00004211
132	0.00004204
133	0.00004229
134	0.00004134
135	0.00004162
136	0.00004009
137	0.00003898
138	0.00003838
139	0.00004671
140	0.00006477
141	0.00006524
142	0.00005647
143	0.00005461
144	0.00005263
145	0.00004878
146	0.00004669
147	0.00005232
148	0.00006018
149	0.00005919
150	0.00005369
151	0.00004943
152	0.00004938
153	0.00005053
154	0.00004813
155	0.00004410
156	0.00004061
157	0.00003919
158	0.00003848
159	0.00003642
160	0.00003403
161	0.00003123
162	0.00002815
163	0.00002576
164	0.00002390
165	0.00002238
166	0.00002123
167	0.00002034
168	0.00001963
169	0.00001897
170	0.00001829
171	0.00001760
172	0.00001691
173	0.00001628
174	0.00001583
175	0.00001569
176	0.00001728
177	0.00002081
178	0.00002304
179	0.00002553
180	0.00002846
181	0.00003005
182	0.00002925
183	0.00002734
184	0.00002570
185	0.00002440
186	0.00002378
187	0.00002420
188	0.00002782
189	0.00002801
190	0.00002758
191	0.00002807
192	0.00002985
193	0.00003355
194	0.00003834
195	0.00003467
196	0.00003129
197	0.00003002
198	0.00003002
199	0.00003763
200	0.00005009
201	0.00004611
202	0.00004436
203	0.00005646
204	0.00006059
205	0.00005284
206	0.00004446
207	0.00003810
208	0.00003378
209	0.00003095
210	0.00002898
211	0.00002785
212	0.00002716
213	0.00002672
214	0.00002611
215	0.00002552
216	0.00002500
217	0.00002455
218	0.00002496
219	0.00003635
220	0.00004935
221	0.00007124
222	0.00009262
223	0.00009262
224	0.00009342
225	0.00009610
226	0.00009983
227	0.00010484
228	0.00010438
229	0.00010160
230	0.00010004
231	0.00010116
232	0.00009848
233	0.00009557
234	0.00009287
235	0.00009043
236	0.00008759
237	0.00008634
238	0.00008293
239	0.00007869
240	0.00007407
241	0.00007020
242	0.00006485
243	0.00005780
244	0.00005449
245	0.00005275
246	0.00005112
247	0.00005032
248	0.00005141
249	0.00005210
250	0.00005384
251	0.00005791
252	0.00006238
253	0.00008289
254	0.00010565
255	0.00010117
256	0.00010470
257	0.00010892
258	0.00011177
259	0.00011790
260	0.00012094
261	0.00012557
262	0.00012912
263	0.00012676
264	0.00012638
265	0.00012293
266	0.00011707
267	0.00011228
268	0.00011016
269	0.00011384
270	0.00011497
271	0.00011377
272	0.00011421
273	0.00011812
274	0.00011964
275	0.00011966
276	0.00012582
277	0.00013469
278	0.00013402
279	0.00014171
280	0.00014474
281	0.00014799
282	0.00015340
283	0.00015718
284	0.00015929
285	0.00016068
286	0.00016165
287	0.00016192
288	0.00016166
289	0.00016087
290	0.00015907
291	0.00015486
292	0.00014864
293	0.00013797
294	0.00012799
295	0.00012142
296	0.00011390
297	0.00010855
298	0.00010414
299	0.00010105
300	0.00009838
301	0.00009691
302	0.00009861
303	0.00009698
304	0.00009378
305	0.00009143
306	0.00008976
307	0.00009098
308	0.00009508
309	0.00009221
310	0.00008932
311	0.00009317
312	0.00009488
313	0.00009239
314	0.00008891
315	0.00008522
316	0.00008174
317	0.00007830
318	0.00007378
319	0.00006844
320	0.00005792
321	0.00005696
322	0.00005970
323	0.00006043
324	0.00006875
325	0.00007517
326	0.00007864
327	0.00009914
328	0.00010173
329	0.00009922
330	0.00010399
331	0.00010689
332	0.00010795
333	0.00010913
334	0.00016770
335	0.00017375
336	0.00017710
337	0.00017846
338	0.00017869
339	0.00017786
340	0.00017586
341	0.00017293
342	0.00016879
343	0.00016462
344	0.00015981
345	0.00015475
346	0.00014922
347	0.00014342
348	0.00013659
349	0.00013198
350	0.00012746
351	0.00012348
352	0.00012038
353	0.00011686
354	0.00011533
355	0.00011807
356	0.00011404
357	0.00011002
358	0.00010809
359	0.00010664
360	0.00010743
361	0.00010855
362	0.00010848
363	0.00011520
364	0.00012060
365	0.00012092
366	0.00012450
367	0.00012654
368	0.00013303
369	0.00014056
370	0.00014403
371	0.00014539
372	0.00014679
373	0.00014844
374	0.00015020
375	0.00015169
376	0.00015254
377	0.00015257
378	0.00015080
379	0.00014573
380	0.00013528
381	0.00012636
382	0.00011747
383	0.00011079
384	0.00010717
385	0.00010209
386	0.00009780
387	0.00009428
388	0.00009129
389	0.00008951
390	0.00008597
391	0.00008313
392	0.00008131
393	0.00007945
394	0.00007737
395	0.00007457
396	0.00006963
397	0.00006127
398	0.00005087
399	0.00004656
400	0.00004590
401	0.00005401
402	0.00007470
403	0.00007695
404	0.00007475
405	0.00007739
406	0.00008177
407	0.00008426
408	0.00008308
409	0.00007985
410	0.00007792
411	0.00007552
412	0.00007053
413	0.00006599
414	0.00005840
415	0.00005542
416	0.00005663
417	0.00005958
418	0.00005695
419	0.00005087
420	0.00004492
421	0.00004036
422	0.00003709
423	0.00003457
424	0.00003259
425	0.00003108
426	0.00003023
427	0.00003004
428	0.00003137
429	0.00003320
430	0.00003531
431	0.00003533
432	0.00003455
433	0.00003425
434	0.00003400
435	0.00003403
436	0.00003518
437	0.00003733
438	0.00003989
439	0.00004339
440	0.00004514
441	0.00004313
442	0.00003903
443	0.00003535
444	0.00003159
445	0.00002882
446	0.00002672
447	0.00002490
448	0.00002318
449	0.00002214
450	0.00002312
451	0.00002394
452	0.00002544
453	0.00002747
454	0.00003090
455	0.00003470
456	0.00003457
457	0.00003173
458	0.00002855
459	0.00002591
460	0.00002405
461	0.00002335
462	0.00002280
463	0.00002199
464	0.00002175
465	0.00002398
466	0.00002499
467	0.00002608
468	0.00002789
469	0.00003111
470	0.00003633
471	0.00005561
472	0.00006870
473	0.00006982
474	0.00006895
475	0.00007184
476	0.00007508
477	0.00007818
478	0.00008246
479	0.00008969
480	0.00009346
481	0.00009487
482	0.00009421
483	0.00009757
484	0.00009809
485	0.00009870
486	0.00009898
487	0.00009775
488	0.00009454
489	0.00009036
490	0.00008560
491	0.00007859
492	0.00007173
493	0.00005825
494	0.00004579
495	0.00004271
496	0.00004211
497	0.00004204
498	0.00004229
499	0.00004134
500	0.00004162
501	0.00004009
502	0.00003898
503	0.00003838
504	0.00004671
505	0.00006477
506	0.00006524
507	0.00005647
508	0.00005461
509	0.00005263
510	0.00004878
511	0.00004669
512	0.00005232
513	0.00006018
514	0.00005919
515	0.00005369
516	0.00004943
517	0.00004938
518	0.00005053
519	0.00004813
520	0.00004410
521	0.00004061
522	0.00003919
523	0.00003848
524	0.00003642
525	0.00003403
526	0.00003123
527	0.00002815
528	0.00002576
529	0.00002390
530	0.00002238
531	0.00002123
532	0.00002034
533	0.00001963
534	0.00001897
535	0.00001829
536	0.00001760
537	0.00001691
538	0.00001628
539	0.00001583
540	0.00001569
541	0.00001728
542	0.00002081
543	0.00002304
544	0.00002553
545	0.00002846
546	0.00003005
547	0.00002925
548	0.00002734
549	0.00002570
550	0.00002440
551	0.00002378
552	0.00002420
553	0.00002782
554	0.00002801
555	0.00002758
556	0.00002807
557	0.00002985
558	0.00003355
559	0.00003834
560	0.00003467
561	0.00003129
562	0.00003002
563	0.00003002
564	0.00003763
565	0.00005009
566	0.00004611
567	0.00004436
568	0.00005646
569	0.00006059
570	0.00005284
571	0.00004446
572	0.00003810
573	0.00003378
574	0.00003095
575	0.00002898
576	0.00002785
577	0.00002716
578	0.00002672
579	0.00002611
580	0.00002552
581	0.00002500
582	0.00002455
583	0.00002496
584	0.00003635
585	0.00004935
586	0.00007124
587	0.00009262
588	0.00009262
589	0.00009342
590	0.00009610
591	0.00009983
592	0.00010484
593	0.00010438
594	0.00010160
595	0.00010004
596	0.00010116
597	0.00009848
598	0.00009557
599	0.00009287
600	0.00009043
601	0.00008759
602	0.00008634
603	0.00008293
604	0.00007869
605	0.00007407
606	0.00007020
607	0.00006485
608	0.00005780
609	0.00005449
610	0.00005275
611	0.00005112
612	0.00005032
613	0.00005141
614	0.00005210
615	0.00005384
616	0.00005791
617	0.00006238
618	0.00008289
619	0.00010565
620	0.00010117
621	0.00010470
622	0.00010892
623	0.00011177
624	0.00011790
625	0.00012094
626	0.00012557
627	0.00012912
628	0.00012676
629	0.00012638
630	0.00012293
631	0.00011707
632	0.00011228
633	0.00011016
634	0.00011384
635	0.00011497
636	0.00011377
637	0.00011421
638	0.00011812
639	0.00011964
640	0.00011966
641	0.00012582
642	0.00013469
643	0.00013402
644	0.00014171
645	0.00014474
646	0.00014799
647	0.00015340
648	0.00015718
649	0.00015929
650	0.00016068
651	0.00016165
652	0.00016192
653	0.00016166
654	0.00016087
655	0.00015907
656	0.00015486
657	0.00014864
658	0.00013797
659	0.00012799
660	0.00012142
661	0.00011390
662	0.00010855
663	0.00010414
664	0.00010105
665	0.00009838
666	0.00009691
667	0.00009861
668	0.00009698
669	0.00009378
670	0.00009143
671	0.00008976
672	0.00009098
673	0.00009508
674	0.00009221
675	0.00008932
676	0.00009317
677	0.00009488
678	0.00009239
679	0.00008891
680	0.00008522
681	0.00008174
682	0.00007830
683	0.00007378
684	0.00006844
685	0.00005792
686	0.00005696
687	0.00005970
688	0.00006043
689	0.00006875
690	0.00007517
691	0.00007864
692	0.00009914
693	0.00010173
694	0.00009922
695	0.00010399
696	0.00010689
697	0.00010795
698	0.00010913
699	0.00016770
700	0.00017375
701	0.00017710
702	0.00017846
703	0.00017869
704	0.00017786
705	0.00017586
706	0.00017293
707	0.00016879
708	0.00016462
709	0.00015981
710	0.00015475
711	0.00014922
712	0.00014342
713	0.00013659
714	0.00013198
715	0.00012746
716	0.00012348
717	0.00012038
718	0.00011686
719	0.00011533
720	0.00011807
721	0.00011404
722	0.00011002
723	0.00010809
724	0.00010664
725	0.00010743
726	0.00010855
727	0.00010848
728	0.00011520
729	0.00012060
730	0.00012092
731	0.00012450
732	0.00012654
733	0.00013303
734	0.00014056
735	0.00014403
736	0.00014539
737	0.00014679
738	0.00014844
739	0.00015020
740	0.00015169
741	0.00015254
742	0.00015257
743	0.00015080
744	0.00014573
745	0.00013528
746	0.00012636
747	0.00011747
748	0.00011079
749	0.00010717
750	0.00010209
751	0.00009780
752	0.00009428
753	0.00009129
754	0.00008951
755	0.00008597
756	0.00008313
757	0.00008131
758	0.00007945
759	0.00007737
760	0.00007457
761	0.00006963
762	0.00006127
763	0.00005087
764	0.00004656
765	0.00004590
766	0.00005401
767	0.00007470
768	0.00007695
769	0.00007475
770	0.00007739
771	0.00008177
772	0.00008426
773	0.00008308
774	0.00007985
775	0.00007792
776	0.00007552
777	0.00007053
778	0.00006599
779	0.00005840
780	0.00005542
781	0.00005663
782	0.00005958
783	0.00005695
784	0.00005087
785	0.00004492
786	0.00004036
787	0.00003709
788	0.00003457
789	0.00003259
790	0.00003108
791	0.00003023
792	0.00003004
793	0.00003137
794	0.00003320
795	0.00003531
796	0.00003533
797	0.00003455
798	0.00003425
799	0.00003400
800	0.00003403
801	0.00003518
802	0.00003733
803	0.00003989
804	0.00004339
805	0.00004514
806	0.00004313
807	0.00003903
808	0.00003535
809	0.00003159
810	0.00002882
811	0.00002672
812	0.00002490
813	0.00002318
814	0.00002214
815	0.00002312
816	0.00002394
817	0.00002544
818	0.00002747
819	0.00003090
820	0.00003470
821	0.00003457
822	0.00003173
823	0.00002855
824	0.00002591
825	0.00002405
826	0.00002335
827	0.00002280
828	0.00002199
829	0.00002175
830	0.00002398
831	0.00002499
832	0.00002608
833	0.00002789
834	0.00003111
835	0.00003633
836	0.00005561
837	0.00006870
838	0.00006982
839	0.00006895
840	0.00007184
841	0.00007508
842	0.00007818
843	0.00008246
844	0.00008969
845	0.00009346
846	0.00009487
847	0.00009421
848	0.00009757
849	0.00009809
850	0.00009870
851	0.00009898
852	0.00009775
853	0.00009454
854	0.00009036
855	0.00008560
856	0.00007859
857	0.00007173
858	0.00005825
859	0.00004579
860	0.00004271
861	0.00004211
862	0.00004204
863	0.00004229
864	0.00004134
865	0.00004162
866	0.00004009
867	0.00003898
868	0.00003838
869	0.00004671
870	0.00006477
871	0.00006524
872	0.00005647
873	0.00005461
874	0.00005263
875	0.00004878
876	0.00004669
877	0.00005232
878	0.00006018
879	0.00005919
880	0.00005369
881	0.00004943
882	0.00004938
883	0.00005053
884	0.00004813
885	0.00004410
886	0.00004061
887	0.00003919
888	0.00003848
889	0.00003642
890	0.00003403
891	0.00003123
892	0.00002815
893	0.00002576
894	0.00002390
895	0.00002238
896	0.00002123
897	0.00002034
898	0.00001963
899	0.00001897
900	0.00001829
901	0.00001760
902	0.00001691
903	0.00001628
904	0.00001583
905	0.00001569
906	0.00001728
907	0.00002081
908	0.00002304
909	0.00002553
910	0.00002846
911	0.00003005
912	0.00002925
913	0.00002734
914	0.00002570
915	0.00002440
916	0.00002378
917	0.00002420
918	0.00002782
919	0.00002801
920	0.00002758
921	0.00002807
922	0.00002985
923	0.00003355
924	0.00003834
925	0.00003467
926	0.00003129
927	0.00003002
928	0.00003002
929	0.00003763
930	0.00005009
931	0.00004611
932	0.00004436
933	0.00005646
934	0.00006059
935	0.00005284
936	0.00004446
937	0.00003810
938	0.00003378
939	0.00003095
940	0.00002898
941	0.00002785
942	0.00002716
943	0.00002672
944	0.00002611
945	0.00002552
946	0.00002500
947	0.00002455
948	0.00002496
949	0.00003635
950	0.00004935
951	0.00007124
952	0.00009262
953	0.00009262
954	0.00009342
955	0.00009610
956	0.00009983
957	0.00010484
958	0.00010438
959	0.00010160
960	0.00010004
961	0.00010116
962	0.00009848
963	0.00009557
964	0.00009287
965	0.00009043
966	0.00008759
967	0.00008634
968	0.00008293
969	0.00007869
970	0.00007407
971	0.00007020
972	0.00006485
973	0.00005780
974	0.00005449
975	0.00005275
976	0.00005112
977	0.00005032
978	0.00005141
979	0.00005210
980	0.00005384
981	0.00005791
982	0.00006238
983	0.00008289
984	0.00010565
985	0.00010117
986	0.00010470
987	0.00010892
988	0.00011177
989	0.00011790
990	0.00012094
991	0.00012557
992	0.00012912
993	0.00012676
994	0.00012638
995	0.00012293
996	0.00011707
997	0.00011228
998	0.00011016
999	0.00011384
1000	0.00011497
1001	0.00011377
1002	0.00011421
1003	0.00011812
1004	0.00011964
1005	0.00011966
1006	0.00012582
1007	0.00013469
1008	0.00013402
1009	0.00014171
1010	0.00014474
1011	0.00014799
1012	0.00015340
1013	0.00015718
1014	0.00015929
1015	0.00016068
1016	0.00016165
1017	0.00016192
1018	0.00016166
1019	0.00016087
1020	0.00015907
1021	0.00015486
1022	0.00014864
1023	0.00013797
1024	0.00012799
1025	0.00012142
1026	0.00011390
1027	0.00010855
1028	0.00010414
1029	0.00010105
1030	0.00009838
1031	0.00009691
1032	0.00009861
1033	0.00009698
1034	0.00009378
1035	0.00009143
1036	0.00008976
1037	0.00009098
1038	0.00009508
1039	0.00009221
1040	0.00008932
1041	0.00009317
1042	0.00009488
1043	0.00009239
1044	0.00008891
1045	0.00008522
1046	0.00008174
1047	0.00007830
1048	0.00007378
1049	0.00006844
1050	0.00005792
1051	0.00005696
1052	0.00005970
1053	0.00006043
1054	0.00006875
1055	0.00007517
1056	0.00007864
1057	0.00009914
1058	0.00010173
1059	0.00009922
1060	0.00010399
1061	0.00010689
1062	0.00010795
1063	0.00010913
1064	0.00016770
1065	0.00017375
1066	0.00017710
1067	0.00017846
1068	0.00017869
1069	0.00017786
1070	0.00017586
1071	0.00017293
1072	0.00016879
1073	0.00016462
1074	0.00015981
1075	0.00015475
1076	0.00014922
1077	0.00014342
1078	0.00013659
1079	0.00013198
1080	0.00012746
1081	0.00012348
1082	0.00012038
1083	0.00011686
1084	0.00011533
1085	0.00011807
1086	0.00011404
1087	0.00011002
1088	0.00010809
1089	0.00010664
1090	0.00010743
1091	0.00010855
1092	0.00010848
1093	0.00011520
1094	0.00012060
1095	0.00012092
1096	0.00012450
1097	0.00012654
1098	0.00013303
1099	0.00014056
1100	0.00014403
1101	0.00014539
1102	0.00014679
1103	0.00014844
1104	0.00015020
1105	0.00015169
1106	0.00015254
1107	0.00015257
1108	0.00015080
1109	0.00014573
1110	0.00013528
1111	0.00012636
1112	0.00011747
1113	0.00011079
1114	0.00010717
1115	0.00010209
1116	0.00009780
1117	0.00009428
1118	0.00009129
1119	0.00008951
1120	0.00008597
1121	0.00008313
1122	0.00008131
1123	0.00007945
1124	0.00007737
1125	0.00007457
1126	0.00006963
1127	0.00006127
1128	0.00005087
1129	0.00004656
1130	0.00004590
1131	0.00005401
1132	0.00007470
1133	0.00007695
1134	0.00007475
1135	0.00007739
1136	0.00008177
1137	0.00008426
1138	0.00008308
1139	0.00007985
1140	0.00007792
1141	0.00007552
1142	0.00007053
1143	0.00006599
1144	0.00005840
1145	0.00005542
1146	0.00005663
1147	0.00005958
1148	0.00005695
1149	0.00005087
1150	0.00004492
1151	0.00004036
1152	0.00003709
1153	0.00003457
1154	0.00003259
1155	0.00003108
1156	0.00003023
1157	0.00003004
1158	0.00003137
1159	0.00003320
1160	0.00003531
1161	0.00003533
1162	0.00003455
1163	0.00003425
1164	0.00003400
1165	0.00003403
1166	0.00003518
1167	0.00003733
1168	0.00003989
1169	0.00004339
1170	0.00004514
1171	0.00004313
1172	0.00003903
1173	0.00003535
1174	0.00003159
1175	0.00002882
1176	0.00002672
1177	0.00002490
1178	0.00002318
1179	0.00002214
1180	0.00002312
1181	0.00002394
1182	0.00002544
1183	0.00002747
1184	0.00003090
1185	0.00003470
1186	0.00003457
1187	0.00003173
1188	0.00002855
1189	0.00002591
1190	0.00002405
1191	0.00002335
1192	0.00002280
1193	0.00002199
1194	0.00002175
1195	0.00002398
1196	0.00002499
1197	0.00002608
1198	0.00002789
1199	0.00003111
1200	0.00003633
1201	0.00005561
1202	0.00006870
1203	0.00006982
1204	0.00006895
1205	0.00007184
1206	0.00007508
1207	0.00007818
1208	0.00008246
1209	0.00008969
1210	0.00009346
1211	0.00009487
1212	0.00009421
1213	0.00009757
1214	0.00009809
1215	0.00009870
1216	0.00009898
1217	0.00009775
1218	0.00009454
1219	0.00009036
1220	0.00008560
1221	0.00007859
1222	0.00007173
1223	0.00005825
1224	0.00004579
1225	0.00004271
1226	0.00004211
1227	0.00004204
1228	0.00004229
1229	0.00004134
1230	0.00004162
1231	0.00004009
1232	0.00003898
1233	0.00003838
1234	0.00004671
1235	0.00006477
1236	0.00006524
1237	0.00005647
1238	0.00005461
1239	0.00005263
1240	0.00004878
1241	0.00004669
1242	0.00005232
1243	0.00006018
1244	0.00005919
1245	0.00005369
1246	0.00004943
1247	0.00004938
1248	0.00005053
1249	0.00004813
1250	0.00004410
1251	0.00004061
1252	0.00003919
1253	0.00003848
1254	0.00003642
1255	0.00003403
1256	0.00003123
1257	0.00002815
1258	0.00002576
1259	0.00002390
1260	0.00002238
1261	0.00002123
1262	0.00002034
1263	0.00001963
1264	0.00001897
1265	0.00001829
1266	0.00001760
1267	0.00001691
1268	0.00001628
1269	0.00001583
1270	0.00001569
1271	0.00001728
1272	0.00002081
1273	0.00002304
1274	0.00002553
1275	0.00002846
1276	0.00003005
1277	0.00002925
1278	0.00002734
1279	0.00002570
1280	0.00002440
1281	0.00002378
1282	0.00002420
1283	0.00002782
1284	0.00002801
1285	0.00002758
1286	0.00002807
1287	0.00002985
1288	0.00003355
1289	0.00003834
1290	0.00003467
1291	0.00003129
1292	0.00003002
1293	0.00003002
1294	0.00003763
1295	0.00005009
1296	0.00004611
1297	0.00004436
1298	0.00005646
1299	0.00006059
1300	0.00005284
1301	0.00004446
1302	0.00003810
1303	0.00003378
1304	0.00003095
1305	0.00002898
1306	0.00002785
1307	0.00002716
1308	0.00002672
1309	0.00002611
1310	0.00002552
1311	0.00002500
1312	0.00002455
1313	0.00002496
1314	0.00003635
1315	0.00004935
1316	0.00007124
1317	0.00009262
1318	0.00009262
1319	0.00009342
1320	0.00009610
1321	0.00009983
1322	0.00010484
1323	0.00010438
1324	0.00010160
1325	0.00010004
1326	0.00010116
1327	0.00009848
1328	0.00009557
1329	0.00009287
1330	0.00009043
1331	0.00008759
1332	0.00008634
1333	0.00008293
1334	0.00007869
1335	0.00007407
1336	0.00007020
1337	0.00006485
1338	0.00005780
1339	0.00005449
1340	0.00005275
1341	0.00005112
1342	0.00005032
1343	0.00005141
1344	0.00005210
1345	0.00005384
1346	0.00005791
1347	0.00006238
1348	0.00008289
1349	0.00010565
1350	0.00010117
1351	0.00010470
1352	0.00010892
1353	0.00011177
1354	0.00011790
1355	0.00012094
1356	0.00012557
1357	0.00012912
1358	0.00012676
1359	0.00012638
1360	0.00012293
1361	0.00011707
1362	0.00011228
1363	0.00011016
1364	0.00011384
1365	0.00011497
1366	0.00011377
1367	0.00011421
1368	0.00011812
1369	0.00011964
1370	0.00011966
1371	0.00012582
1372	0.00013469
1373	0.00013402
1374	0.00014171
1375	0.00014474
1376	0.00014799
1377	0.00015340
1378	0.00015718
1379	0.00015929
1380	0.00016068
1381	0.00016165
1382	0.00016192
1383	0.00016166
1384	0.00016087
1385	0.00015907
1386	0.00015486
1387	0.00014864
1388	0.00013797
1389	0.00012799
1390	0.00012142
1391	0.00011390
1392	0.00010855
1393	0.00010414
1394	0.00010105
1395	0.00009838
1396	0.00009691
1397	0.00009861
1398	0.00009698
1399	0.00009378
1400	0.00009143
1401	0.00008976
1402	0.00009098
1403	0.00009508
1404	0.00009221
1405	0.00008932
1406	0.00009317
1407	0.00009488
1408	0.00009239
1409	0.00008891
1410	0.00008522
1411	0.00008174
1412	0.00007830
1413	0.00007378
1414	0.00006844
1415	0.00005792
1416	0.00005696
1417	0.00005970
1418	0.00006043
1419	0.00006875
1420	0.00007517
1421	0.00007864
1422	0.00009914
1423	0.00010173
1424	0.00009922
1425	0.00010399
1426	0.00010689
1427	0.00010795
1428	0.00010913
1429	0.00016770
1430	0.00017375
1431	0.00017710
1432	0.00017846
1433	0.00017869
1434	0.00017786
1435	0.00017586
1436	0.00017293
1437	0.00016879
1438	0.00016462
1439	0.00015981
1440	0.00015475
1441	0.00014922
1442	0.00014342
1443	0.00013659
1444	0.00013198
1445	0.00012746
1446	0.00012348
1447	0.00012038
1448	0.00011686
1449	0.00011533
1450	0.00011807
1451	0.00011404
1452	0.00011002
1453	0.00010809
1454	0.00010664
1455	0.00010743
1456	0.00010855
1457	0.00010848
<EndTimeSerie>
