TIME_CYCLE                : 0
TIME_UNITS                : DAYS
SERIE_INITIAL_DATA        : 2016 02 01 12 00 00

!time          rate
<BeginTimeSerie>
0	0.00036907
1	0.00034754
2	0.00035937
3	0.00036672
4	0.00038855
5	0.00040791
6	0.00041781
7	0.00042652
8	0.00043017
9	0.00042950
10	0.00042788
11	0.00042956
12	0.00042972
13	0.00042955
14	0.00042213
15	0.00040845
16	0.00038753
17	0.00033702
18	0.00026082
19	0.00020851
20	0.00016356
21	0.00012203
22	0.00007314
23	0.00005229
24	0.00005725
25	0.00007658
26	0.00009882
27	0.00008047
28	0.00006232
29	0.00005513
30	0.00005012
31	0.00004534
32	0.00004128
33	0.00003791
34	0.00003729
35	0.00004982
36	0.00006846
37	0.00008327
38	0.00007830
39	0.00012003
40	0.00016833
41	0.00018369
42	0.00021819
43	0.00025754
44	0.00026077
45	0.00023091
46	0.00020981
47	0.00021442
48	0.00022189
49	0.00021534
50	0.00018759
51	0.00016091
52	0.00015380
53	0.00016482
54	0.00016269
55	0.00020303
56	0.00022471
57	0.00031710
58	0.00037892
59	0.00041120
60	0.00042462
61	0.00042316
62	0.00041897
63	0.00041206
64	0.00040422
65	0.00038794
66	0.00036645
67	0.00032464
68	0.00028569
69	0.00025114
70	0.00022178
71	0.00019606
72	0.00017576
73	0.00014732
74	0.00011637
75	0.00007632
76	0.00004893
77	0.00003717
78	0.00003215
79	0.00004236
80	0.00005064
81	0.00004804
82	0.00004429
83	0.00004298
84	0.00004655
85	0.00005555
86	0.00008398
87	0.00011319
88	0.00014720
89	0.00017128
90	0.00021591
91	0.00034097
92	0.00038702
93	0.00037494
94	0.00032337
95	0.00025548
96	0.00019813
97	0.00016842
98	0.00016929
99	0.00016584
100	0.00017771
101	0.00017571
102	0.00015077
103	0.00015316
104	0.00015401
105	0.00016622
106	0.00024572
107	0.00035515
108	0.00040206
109	0.00041163
110	0.00040297
111	0.00039228
112	0.00037976
113	0.00037542
114	0.00036168
115	0.00032560
116	0.00032787
117	0.00033881
118	0.00037057
119	0.00040525
120	0.00041893
121	0.00042896
122	0.00042581
123	0.00041178
124	0.00038966
125	0.00033536
126	0.00026920
127	0.00031364
128	0.00040725
129	0.00044351
130	0.00043887
131	0.00043058
132	0.00041705
133	0.00039627
134	0.00036314
135	0.00032096
136	0.00028078
137	0.00032415
138	0.00041311
139	0.00044424
140	0.00043924
141	0.00043488
142	0.00042853
143	0.00041550
144	0.00038542
145	0.00031276
146	0.00025485
147	0.00020300
148	0.00015440
149	0.00011220
150	0.00007779
151	0.00006402
152	0.00005577
153	0.00005486
154	0.00005621
155	0.00005222
156	0.00004502
157	0.00003895
158	0.00003441
159	0.00003011
160	0.00002641
161	0.00002487
162	0.00002356
163	0.00002362
164	0.00002477
165	0.00002931
166	0.00003831
167	0.00005442
168	0.00008144
169	0.00008298
170	0.00007858
171	0.00007843
172	0.00008030
173	0.00008249
174	0.00010446
175	0.00010974
176	0.00009985
177	0.00008922
178	0.00010728
179	0.00012381
180	0.00015438
181	0.00018734
182	0.00019025
183	0.00016467
184	0.00013232
185	0.00009041
186	0.00005487
187	0.00005834
188	0.00011190
189	0.00013376
190	0.00015860
191	0.00018183
192	0.00017606
193	0.00015260
194	0.00012241
195	0.00009743
196	0.00007011
197	0.00005324
198	0.00005173
199	0.00006529
200	0.00005506
201	0.00004385
202	0.00003720
203	0.00003366
204	0.00003331
205	0.00003210
206	0.00003088
207	0.00003043
208	0.00003085
209	0.00002928
210	0.00002657
211	0.00002395
212	0.00002332
213	0.00002434
214	0.00002380
215	0.00002221
216	0.00002064
217	0.00001963
218	0.00002488
219	0.00009034
220	0.00013497
221	0.00016339
222	0.00021223
223	0.00024652
224	0.00023861
225	0.00019170
226	0.00015868
227	0.00013291
228	0.00012177
229	0.00011682
230	0.00011946
231	0.00011768
232	0.00011521
233	0.00010254
234	0.00007698
235	0.00005847
236	0.00004561
237	0.00003647
238	0.00002975
239	0.00002494
240	0.00002275
241	0.00002318
242	0.00003956
243	0.00005944
244	0.00008775
245	0.00019704
246	0.00024164
247	0.00029312
248	0.00037150
249	0.00036836
250	0.00030951
251	0.00023526
252	0.00016884
253	0.00012837
254	0.00008929
255	0.00005682
256	0.00004394
257	0.00003799
258	0.00003330
259	0.00003380
260	0.00003542
261	0.00003348
262	0.00003199
263	0.00003259
264	0.00004139
265	0.00005041
266	0.00006163
267	0.00005628
268	0.00004894
269	0.00004581
270	0.00005659
271	0.00007405
272	0.00008727
273	0.00007814
274	0.00006807
275	0.00010057
276	0.00016314
277	0.00026580
278	0.00037685
279	0.00043593
280	0.00043487
281	0.00042429
282	0.00041618
283	0.00041785
284	0.00042174
285	0.00042908
286	0.00042553
287	0.00042290
288	0.00040982
289	0.00039175
290	0.00038051
291	0.00038677
292	0.00039401
293	0.00041845
294	0.00043135
295	0.00043388
296	0.00043006
297	0.00041863
298	0.00040149
299	0.00037259
300	0.00029767
301	0.00024979
302	0.00022032
303	0.00019118
304	0.00017250
305	0.00016315
306	0.00014598
307	0.00012083
308	0.00008755
309	0.00005811
310	0.00004494
311	0.00003661
312	0.00003079
313	0.00002743
314	0.00002466
315	0.00002311
316	0.00002598
317	0.00002628
318	0.00002910
319	0.00002948
320	0.00002642
321	0.00003696
322	0.00011897
323	0.00015000
324	0.00017863
325	0.00020181
326	0.00017983
327	0.00016347
328	0.00017201
329	0.00020124
330	0.00027203
331	0.00036342
332	0.00037452
333	0.00036174
334	0.00008239
335	0.00014586
336	0.00014969
337	0.00016486
338	0.00016586
339	0.00014498
340	0.00011966
341	0.00008792
342	0.00005898
343	0.00004953
344	0.00005765
345	0.00008145
346	0.00016091
347	0.00020454
348	0.00032057
349	0.00042103
350	0.00044399
351	0.00044041
352	0.00043760
353	0.00043827
354	0.00043978
355	0.00043841
356	0.00043507
357	0.00043499
358	0.00043097
359	0.00043021
360	0.00042648
361	0.00043008
362	0.00042639
363	0.00042013
364	0.00040307
365	0.00036907
366	0.00034754
367	0.00035937
368	0.00036672
369	0.00038855
370	0.00040791
371	0.00041781
372	0.00042652
373	0.00043017
374	0.00042950
375	0.00042788
376	0.00042956
377	0.00042972
378	0.00042955
379	0.00042213
380	0.00040845
381	0.00038753
382	0.00033702
383	0.00026082
384	0.00020851
385	0.00016356
386	0.00012203
387	0.00007314
388	0.00005229
389	0.00005725
390	0.00007658
391	0.00009882
392	0.00008047
393	0.00006232
394	0.00005513
395	0.00005012
396	0.00004534
397	0.00004128
398	0.00003791
399	0.00003729
400	0.00004982
401	0.00006846
402	0.00008327
403	0.00007830
404	0.00012003
405	0.00016833
406	0.00018369
407	0.00021819
408	0.00025754
409	0.00026077
410	0.00023091
411	0.00020981
412	0.00021442
413	0.00022189
414	0.00021534
415	0.00018759
416	0.00016091
417	0.00015380
418	0.00016482
419	0.00016269
420	0.00020303
421	0.00022471
422	0.00031710
423	0.00037892
424	0.00041120
425	0.00042462
426	0.00042316
427	0.00041897
428	0.00041206
429	0.00040422
430	0.00038794
431	0.00036645
432	0.00032464
433	0.00028569
434	0.00025114
435	0.00022178
436	0.00019606
437	0.00017576
438	0.00014732
439	0.00011637
440	0.00007632
441	0.00004893
442	0.00003717
443	0.00003215
444	0.00004236
445	0.00005064
446	0.00004804
447	0.00004429
448	0.00004298
449	0.00004655
450	0.00005555
451	0.00008398
452	0.00011319
453	0.00014720
454	0.00017128
455	0.00021591
456	0.00034097
457	0.00038702
458	0.00037494
459	0.00032337
460	0.00025548
461	0.00019813
462	0.00016842
463	0.00016929
464	0.00016584
465	0.00017771
466	0.00017571
467	0.00015077
468	0.00015316
469	0.00015401
470	0.00016622
471	0.00024572
472	0.00035515
473	0.00040206
474	0.00041163
475	0.00040297
476	0.00039228
477	0.00037976
478	0.00037542
479	0.00036168
480	0.00032560
481	0.00032787
482	0.00033881
483	0.00037057
484	0.00040525
485	0.00041893
486	0.00042896
487	0.00042581
488	0.00041178
489	0.00038966
490	0.00033536
491	0.00026920
492	0.00031364
493	0.00040725
494	0.00044351
495	0.00043887
496	0.00043058
497	0.00041705
498	0.00039627
499	0.00036314
500	0.00032096
501	0.00028078
502	0.00032415
503	0.00041311
504	0.00044424
505	0.00043924
506	0.00043488
507	0.00042853
508	0.00041550
509	0.00038542
510	0.00031276
511	0.00025485
512	0.00020300
513	0.00015440
514	0.00011220
515	0.00007779
516	0.00006402
517	0.00005577
518	0.00005486
519	0.00005621
520	0.00005222
521	0.00004502
522	0.00003895
523	0.00003441
524	0.00003011
525	0.00002641
526	0.00002487
527	0.00002356
528	0.00002362
529	0.00002477
530	0.00002931
531	0.00003831
532	0.00005442
533	0.00008144
534	0.00008298
535	0.00007858
536	0.00007843
537	0.00008030
538	0.00008249
539	0.00010446
540	0.00010974
541	0.00009985
542	0.00008922
543	0.00010728
544	0.00012381
545	0.00015438
546	0.00018734
547	0.00019025
548	0.00016467
549	0.00013232
550	0.00009041
551	0.00005487
552	0.00005834
553	0.00011190
554	0.00013376
555	0.00015860
556	0.00018183
557	0.00017606
558	0.00015260
559	0.00012241
560	0.00009743
561	0.00007011
562	0.00005324
563	0.00005173
564	0.00006529
565	0.00005506
566	0.00004385
567	0.00003720
568	0.00003366
569	0.00003331
570	0.00003210
571	0.00003088
572	0.00003043
573	0.00003085
574	0.00002928
575	0.00002657
576	0.00002395
577	0.00002332
578	0.00002434
579	0.00002380
580	0.00002221
581	0.00002064
582	0.00001963
583	0.00002488
584	0.00009034
585	0.00013497
586	0.00016339
587	0.00021223
588	0.00024652
589	0.00023861
590	0.00019170
591	0.00015868
592	0.00013291
593	0.00012177
594	0.00011682
595	0.00011946
596	0.00011768
597	0.00011521
598	0.00010254
599	0.00007698
600	0.00005847
601	0.00004561
602	0.00003647
603	0.00002975
604	0.00002494
605	0.00002275
606	0.00002318
607	0.00003956
608	0.00005944
609	0.00008775
610	0.00019704
611	0.00024164
612	0.00029312
613	0.00037150
614	0.00036836
615	0.00030951
616	0.00023526
617	0.00016884
618	0.00012837
619	0.00008929
620	0.00005682
621	0.00004394
622	0.00003799
623	0.00003330
624	0.00003380
625	0.00003542
626	0.00003348
627	0.00003199
628	0.00003259
629	0.00004139
630	0.00005041
631	0.00006163
632	0.00005628
633	0.00004894
634	0.00004581
635	0.00005659
636	0.00007405
637	0.00008727
638	0.00007814
639	0.00006807
640	0.00010057
641	0.00016314
642	0.00026580
643	0.00037685
644	0.00043593
645	0.00043487
646	0.00042429
647	0.00041618
648	0.00041785
649	0.00042174
650	0.00042908
651	0.00042553
652	0.00042290
653	0.00040982
654	0.00039175
655	0.00038051
656	0.00038677
657	0.00039401
658	0.00041845
659	0.00043135
660	0.00043388
661	0.00043006
662	0.00041863
663	0.00040149
664	0.00037259
665	0.00029767
666	0.00024979
667	0.00022032
668	0.00019118
669	0.00017250
670	0.00016315
671	0.00014598
672	0.00012083
673	0.00008755
674	0.00005811
675	0.00004494
676	0.00003661
677	0.00003079
678	0.00002743
679	0.00002466
680	0.00002311
681	0.00002598
682	0.00002628
683	0.00002910
684	0.00002948
685	0.00002642
686	0.00003696
687	0.00011897
688	0.00015000
689	0.00017863
690	0.00020181
691	0.00017983
692	0.00016347
693	0.00017201
694	0.00020124
695	0.00027203
696	0.00036342
697	0.00037452
698	0.00036174
699	0.00008239
700	0.00014586
701	0.00014969
702	0.00016486
703	0.00016586
704	0.00014498
705	0.00011966
706	0.00008792
707	0.00005898
708	0.00004953
709	0.00005765
710	0.00008145
711	0.00016091
712	0.00020454
713	0.00032057
714	0.00042103
715	0.00044399
716	0.00044041
717	0.00043760
718	0.00043827
719	0.00043978
720	0.00043841
721	0.00043507
722	0.00043499
723	0.00043097
724	0.00043021
725	0.00042648
726	0.00043008
727	0.00042639
728	0.00042013
729	0.00040307
730	0.00036907
731	0.00034754
732	0.00035937
733	0.00036672
734	0.00038855
735	0.00040791
736	0.00041781
737	0.00042652
738	0.00043017
739	0.00042950
740	0.00042788
741	0.00042956
742	0.00042972
743	0.00042955
744	0.00042213
745	0.00040845
746	0.00038753
747	0.00033702
748	0.00026082
749	0.00020851
750	0.00016356
751	0.00012203
752	0.00007314
753	0.00005229
754	0.00005725
755	0.00007658
756	0.00009882
757	0.00008047
758	0.00006232
759	0.00005513
760	0.00005012
761	0.00004534
762	0.00004128
763	0.00003791
764	0.00003729
765	0.00004982
766	0.00006846
767	0.00008327
768	0.00007830
769	0.00012003
770	0.00016833
771	0.00018369
772	0.00021819
773	0.00025754
774	0.00026077
775	0.00023091
776	0.00020981
777	0.00021442
778	0.00022189
779	0.00021534
780	0.00018759
781	0.00016091
782	0.00015380
783	0.00016482
784	0.00016269
785	0.00020303
786	0.00022471
787	0.00031710
788	0.00037892
789	0.00041120
790	0.00042462
791	0.00042316
792	0.00041897
793	0.00041206
794	0.00040422
795	0.00038794
796	0.00036645
797	0.00032464
798	0.00028569
799	0.00025114
800	0.00022178
801	0.00019606
802	0.00017576
803	0.00014732
804	0.00011637
805	0.00007632
806	0.00004893
807	0.00003717
808	0.00003215
809	0.00004236
810	0.00005064
811	0.00004804
812	0.00004429
813	0.00004298
814	0.00004655
815	0.00005555
816	0.00008398
817	0.00011319
818	0.00014720
819	0.00017128
820	0.00021591
821	0.00034097
822	0.00038702
823	0.00037494
824	0.00032337
825	0.00025548
826	0.00019813
827	0.00016842
828	0.00016929
829	0.00016584
830	0.00017771
831	0.00017571
832	0.00015077
833	0.00015316
834	0.00015401
835	0.00016622
836	0.00024572
837	0.00035515
838	0.00040206
839	0.00041163
840	0.00040297
841	0.00039228
842	0.00037976
843	0.00037542
844	0.00036168
845	0.00032560
846	0.00032787
847	0.00033881
848	0.00037057
849	0.00040525
850	0.00041893
851	0.00042896
852	0.00042581
853	0.00041178
854	0.00038966
855	0.00033536
856	0.00026920
857	0.00031364
858	0.00040725
859	0.00044351
860	0.00043887
861	0.00043058
862	0.00041705
863	0.00039627
864	0.00036314
865	0.00032096
866	0.00028078
867	0.00032415
868	0.00041311
869	0.00044424
870	0.00043924
871	0.00043488
872	0.00042853
873	0.00041550
874	0.00038542
875	0.00031276
876	0.00025485
877	0.00020300
878	0.00015440
879	0.00011220
880	0.00007779
881	0.00006402
882	0.00005577
883	0.00005486
884	0.00005621
885	0.00005222
886	0.00004502
887	0.00003895
888	0.00003441
889	0.00003011
890	0.00002641
891	0.00002487
892	0.00002356
893	0.00002362
894	0.00002477
895	0.00002931
896	0.00003831
897	0.00005442
898	0.00008144
899	0.00008298
900	0.00007858
901	0.00007843
902	0.00008030
903	0.00008249
904	0.00010446
905	0.00010974
906	0.00009985
907	0.00008922
908	0.00010728
909	0.00012381
910	0.00015438
911	0.00018734
912	0.00019025
913	0.00016467
914	0.00013232
915	0.00009041
916	0.00005487
917	0.00005834
918	0.00011190
919	0.00013376
920	0.00015860
921	0.00018183
922	0.00017606
923	0.00015260
924	0.00012241
925	0.00009743
926	0.00007011
927	0.00005324
928	0.00005173
929	0.00006529
930	0.00005506
931	0.00004385
932	0.00003720
933	0.00003366
934	0.00003331
935	0.00003210
936	0.00003088
937	0.00003043
938	0.00003085
939	0.00002928
940	0.00002657
941	0.00002395
942	0.00002332
943	0.00002434
944	0.00002380
945	0.00002221
946	0.00002064
947	0.00001963
948	0.00002488
949	0.00009034
950	0.00013497
951	0.00016339
952	0.00021223
953	0.00024652
954	0.00023861
955	0.00019170
956	0.00015868
957	0.00013291
958	0.00012177
959	0.00011682
960	0.00011946
961	0.00011768
962	0.00011521
963	0.00010254
964	0.00007698
965	0.00005847
966	0.00004561
967	0.00003647
968	0.00002975
969	0.00002494
970	0.00002275
971	0.00002318
972	0.00003956
973	0.00005944
974	0.00008775
975	0.00019704
976	0.00024164
977	0.00029312
978	0.00037150
979	0.00036836
980	0.00030951
981	0.00023526
982	0.00016884
983	0.00012837
984	0.00008929
985	0.00005682
986	0.00004394
987	0.00003799
988	0.00003330
989	0.00003380
990	0.00003542
991	0.00003348
992	0.00003199
993	0.00003259
994	0.00004139
995	0.00005041
996	0.00006163
997	0.00005628
998	0.00004894
999	0.00004581
1000	0.00005659
1001	0.00007405
1002	0.00008727
1003	0.00007814
1004	0.00006807
1005	0.00010057
1006	0.00016314
1007	0.00026580
1008	0.00037685
1009	0.00043593
1010	0.00043487
1011	0.00042429
1012	0.00041618
1013	0.00041785
1014	0.00042174
1015	0.00042908
1016	0.00042553
1017	0.00042290
1018	0.00040982
1019	0.00039175
1020	0.00038051
1021	0.00038677
1022	0.00039401
1023	0.00041845
1024	0.00043135
1025	0.00043388
1026	0.00043006
1027	0.00041863
1028	0.00040149
1029	0.00037259
1030	0.00029767
1031	0.00024979
1032	0.00022032
1033	0.00019118
1034	0.00017250
1035	0.00016315
1036	0.00014598
1037	0.00012083
1038	0.00008755
1039	0.00005811
1040	0.00004494
1041	0.00003661
1042	0.00003079
1043	0.00002743
1044	0.00002466
1045	0.00002311
1046	0.00002598
1047	0.00002628
1048	0.00002910
1049	0.00002948
1050	0.00002642
1051	0.00003696
1052	0.00011897
1053	0.00015000
1054	0.00017863
1055	0.00020181
1056	0.00017983
1057	0.00016347
1058	0.00017201
1059	0.00020124
1060	0.00027203
1061	0.00036342
1062	0.00037452
1063	0.00036174
1064	0.00008239
1065	0.00014586
1066	0.00014969
1067	0.00016486
1068	0.00016586
1069	0.00014498
1070	0.00011966
1071	0.00008792
1072	0.00005898
1073	0.00004953
1074	0.00005765
1075	0.00008145
1076	0.00016091
1077	0.00020454
1078	0.00032057
1079	0.00042103
1080	0.00044399
1081	0.00044041
1082	0.00043760
1083	0.00043827
1084	0.00043978
1085	0.00043841
1086	0.00043507
1087	0.00043499
1088	0.00043097
1089	0.00043021
1090	0.00042648
1091	0.00043008
1092	0.00042639
1093	0.00042013
1094	0.00040307
1095	0.00036907
1096	0.00034754
1097	0.00035937
1098	0.00036672
1099	0.00038855
1100	0.00040791
1101	0.00041781
1102	0.00042652
1103	0.00043017
1104	0.00042950
1105	0.00042788
1106	0.00042956
1107	0.00042972
1108	0.00042955
1109	0.00042213
1110	0.00040845
1111	0.00038753
1112	0.00033702
1113	0.00026082
1114	0.00020851
1115	0.00016356
1116	0.00012203
1117	0.00007314
1118	0.00005229
1119	0.00005725
1120	0.00007658
1121	0.00009882
1122	0.00008047
1123	0.00006232
1124	0.00005513
1125	0.00005012
1126	0.00004534
1127	0.00004128
1128	0.00003791
1129	0.00003729
1130	0.00004982
1131	0.00006846
1132	0.00008327
1133	0.00007830
1134	0.00012003
1135	0.00016833
1136	0.00018369
1137	0.00021819
1138	0.00025754
1139	0.00026077
1140	0.00023091
1141	0.00020981
1142	0.00021442
1143	0.00022189
1144	0.00021534
1145	0.00018759
1146	0.00016091
1147	0.00015380
1148	0.00016482
1149	0.00016269
1150	0.00020303
1151	0.00022471
1152	0.00031710
1153	0.00037892
1154	0.00041120
1155	0.00042462
1156	0.00042316
1157	0.00041897
1158	0.00041206
1159	0.00040422
1160	0.00038794
1161	0.00036645
1162	0.00032464
1163	0.00028569
1164	0.00025114
1165	0.00022178
1166	0.00019606
1167	0.00017576
1168	0.00014732
1169	0.00011637
1170	0.00007632
1171	0.00004893
1172	0.00003717
1173	0.00003215
1174	0.00004236
1175	0.00005064
1176	0.00004804
1177	0.00004429
1178	0.00004298
1179	0.00004655
1180	0.00005555
1181	0.00008398
1182	0.00011319
1183	0.00014720
1184	0.00017128
1185	0.00021591
1186	0.00034097
1187	0.00038702
1188	0.00037494
1189	0.00032337
1190	0.00025548
1191	0.00019813
1192	0.00016842
1193	0.00016929
1194	0.00016584
1195	0.00017771
1196	0.00017571
1197	0.00015077
1198	0.00015316
1199	0.00015401
1200	0.00016622
1201	0.00024572
1202	0.00035515
1203	0.00040206
1204	0.00041163
1205	0.00040297
1206	0.00039228
1207	0.00037976
1208	0.00037542
1209	0.00036168
1210	0.00032560
1211	0.00032787
1212	0.00033881
1213	0.00037057
1214	0.00040525
1215	0.00041893
1216	0.00042896
1217	0.00042581
1218	0.00041178
1219	0.00038966
1220	0.00033536
1221	0.00026920
1222	0.00031364
1223	0.00040725
1224	0.00044351
1225	0.00043887
1226	0.00043058
1227	0.00041705
1228	0.00039627
1229	0.00036314
1230	0.00032096
1231	0.00028078
1232	0.00032415
1233	0.00041311
1234	0.00044424
1235	0.00043924
1236	0.00043488
1237	0.00042853
1238	0.00041550
1239	0.00038542
1240	0.00031276
1241	0.00025485
1242	0.00020300
1243	0.00015440
1244	0.00011220
1245	0.00007779
1246	0.00006402
1247	0.00005577
1248	0.00005486
1249	0.00005621
1250	0.00005222
1251	0.00004502
1252	0.00003895
1253	0.00003441
1254	0.00003011
1255	0.00002641
1256	0.00002487
1257	0.00002356
1258	0.00002362
1259	0.00002477
1260	0.00002931
1261	0.00003831
1262	0.00005442
1263	0.00008144
1264	0.00008298
1265	0.00007858
1266	0.00007843
1267	0.00008030
1268	0.00008249
1269	0.00010446
1270	0.00010974
1271	0.00009985
1272	0.00008922
1273	0.00010728
1274	0.00012381
1275	0.00015438
1276	0.00018734
1277	0.00019025
1278	0.00016467
1279	0.00013232
1280	0.00009041
1281	0.00005487
1282	0.00005834
1283	0.00011190
1284	0.00013376
1285	0.00015860
1286	0.00018183
1287	0.00017606
1288	0.00015260
1289	0.00012241
1290	0.00009743
1291	0.00007011
1292	0.00005324
1293	0.00005173
1294	0.00006529
1295	0.00005506
1296	0.00004385
1297	0.00003720
1298	0.00003366
1299	0.00003331
1300	0.00003210
1301	0.00003088
1302	0.00003043
1303	0.00003085
1304	0.00002928
1305	0.00002657
1306	0.00002395
1307	0.00002332
1308	0.00002434
1309	0.00002380
1310	0.00002221
1311	0.00002064
1312	0.00001963
1313	0.00002488
1314	0.00009034
1315	0.00013497
1316	0.00016339
1317	0.00021223
1318	0.00024652
1319	0.00023861
1320	0.00019170
1321	0.00015868
1322	0.00013291
1323	0.00012177
1324	0.00011682
1325	0.00011946
1326	0.00011768
1327	0.00011521
1328	0.00010254
1329	0.00007698
1330	0.00005847
1331	0.00004561
1332	0.00003647
1333	0.00002975
1334	0.00002494
1335	0.00002275
1336	0.00002318
1337	0.00003956
1338	0.00005944
1339	0.00008775
1340	0.00019704
1341	0.00024164
1342	0.00029312
1343	0.00037150
1344	0.00036836
1345	0.00030951
1346	0.00023526
1347	0.00016884
1348	0.00012837
1349	0.00008929
1350	0.00005682
1351	0.00004394
1352	0.00003799
1353	0.00003330
1354	0.00003380
1355	0.00003542
1356	0.00003348
1357	0.00003199
1358	0.00003259
1359	0.00004139
1360	0.00005041
1361	0.00006163
1362	0.00005628
1363	0.00004894
1364	0.00004581
1365	0.00005659
1366	0.00007405
1367	0.00008727
1368	0.00007814
1369	0.00006807
1370	0.00010057
1371	0.00016314
1372	0.00026580
1373	0.00037685
1374	0.00043593
1375	0.00043487
1376	0.00042429
1377	0.00041618
1378	0.00041785
1379	0.00042174
1380	0.00042908
1381	0.00042553
1382	0.00042290
1383	0.00040982
1384	0.00039175
1385	0.00038051
1386	0.00038677
1387	0.00039401
1388	0.00041845
1389	0.00043135
1390	0.00043388
1391	0.00043006
1392	0.00041863
1393	0.00040149
1394	0.00037259
1395	0.00029767
1396	0.00024979
1397	0.00022032
1398	0.00019118
1399	0.00017250
1400	0.00016315
1401	0.00014598
1402	0.00012083
1403	0.00008755
1404	0.00005811
1405	0.00004494
1406	0.00003661
1407	0.00003079
1408	0.00002743
1409	0.00002466
1410	0.00002311
1411	0.00002598
1412	0.00002628
1413	0.00002910
1414	0.00002948
1415	0.00002642
1416	0.00003696
1417	0.00011897
1418	0.00015000
1419	0.00017863
1420	0.00020181
1421	0.00017983
1422	0.00016347
1423	0.00017201
1424	0.00020124
1425	0.00027203
1426	0.00036342
1427	0.00037452
1428	0.00036174
1429	0.00008239
1430	0.00014586
1431	0.00014969
1432	0.00016486
1433	0.00016586
1434	0.00014498
1435	0.00011966
1436	0.00008792
1437	0.00005898
1438	0.00004953
1439	0.00005765
1440	0.00008145
1441	0.00016091
1442	0.00020454
1443	0.00032057
1444	0.00042103
1445	0.00044399
1446	0.00044041
1447	0.00043760
1448	0.00043827
1449	0.00043978
1450	0.00043841
1451	0.00043507
1452	0.00043499
1453	0.00043097
1454	0.00043021
1455	0.00042648
1456	0.00043008
1457	0.00042639
<EndTimeSerie>
